1 25.00 0.00
2 23.56 7.72
3 20.23 14.70
4 14.70 20.23
5 7.72 23.56
6 0.00 25.00
7 -7.72 23.56
8 -14.70 20.23
9 -20.23 14.70
10 -23.56 7.72
11 -25.00 0.00
12 -23.56 -7.72
13 -20.23 -14.70
14 -14.70 -20.23
15 -7.72 -23.56
16 0.00 -25.00
17 7.72 -23.56
18 14.70 -20.23
19 20.23 -14.70
20 23.56 -7.72
21 0.00 0.00
!
1 2
2 3
3 4
4 5
5 6
6 7
7 8
8 9
9 10
10 11
11 12
12 13
13 14
14 15
15 16
16 17
17 18
18 19
19 20
20 1
1 21
2 21
3 21
4 21
5 21
6 21
7 21
8 21
9 21
10 21
11 21
12 21
13 21
14 21
15 21
16 21
17 21
18 21
19 21
20 21